time_start,backward,forward,added,removed,total,new_sites,pct_change
-3100,1,4,3,7,4,-4,-50
-2550,4,15,11,NA,15,11,275
-2000,5,9,4,10,9,-6,-40
-1600,9,23,14,NA,23,14,155.55555555555557
-1500,21,21,NA,2,21,-2,-8.695652173913043
-1200,13,22,9,8,22,1,4.761904761904762
-900,22,23,1,NA,23,1,4.545454545454546
-550,4,4,NA,19,4,-19,-82.6086956521739
-350,2,1,NA,2,2,-2,-50
-300,1,13,12,1,13,11,550
200,1,1,NA,12,1,-12,-92.3076923076923
300,1,16,15,NA,16,15,1500
